6.59532904624939
0.009916067123413086
0.05056428909301758
0.017669677734375
6.290975093841553
0.018970727920532227
0.03947734832763672
0.009283781051635742
0.04239296913146973
0.0774688720703125
2.708172082901001
0.01279592514038086
0.0414731502532959
0.011157989501953125
0.04043889045715332
0.047842979431152344
0.11411404609680176
0.4916670322418213
0.015830039978027344
0.050530195236206055
0.0309293270111084
0.04652285575866699
0.07727289199829102
0.09227418899536133
0.49218106269836426
0.00784921646118164
0.060086965560913086