6.217142105102539
2.2212209701538086
0.045659780502319336
3.416879177093506
0.007659196853637695
0.042973995208740234
0.05421185493469238
4.925487041473389
0.014847993850708008
0.04090619087219238
0.009073734283447266
4.0651140213012695
1.0809080600738525
2.106933116912842
0.013023853302001953
0.040289878845214844
0.013077974319458008
2.9261648654937744
0.00970911979675293
0.04216599464416504
3.053938865661621
1.390174150466919
2.4539918899536133
0.009219884872436523
0.04324769973754883
0.024093151092529297
3.9413671493530273
0.012209892272949219
0.01707744598388672
0.0072977542877197266