2.096547842025757
2.796818971633911
0.013476848602294922
0.054947853088378906
0.029950857162475586
0.045372962951660156
0.08812594413757324
0.10073590278625488
0.13294506072998047
0.1413581371307373
0.19427704811096191
0.21445298194885254
0.22773480415344238
0.2530550956726074
0.27781200408935547
0.3132202625274658
0.3260490894317627
0.36068224906921387
0.37531495094299316
0.4121518135070801
0.44715309143066406
0.467515230178833
0.4805760383605957
0.5430300235748291
0.5738949775695801
0.578434944152832
0.615023136138916
0.6604139804840088
0.6945028305053711
0.7041752338409424
0.7038216590881348
0.7343337535858154
4.491537094116211