2.242882013320923
0.008514165878295898
0.03995513916015625
0.022713184356689453
9.831831932067871
0.01783895492553711
0.0429379940032959
0.014900922775268555
0.03860902786254883
0.06356096267700195
8.322546005249023
0.011139154434204102
0.04562997817993164
0.02913689613342285
0.04056906700134277
0.06836295127868652
5.909079074859619
0.01779317855834961
0.010889053344726562
0.013590812683105469
0.011816024780273438
0.01094508171081543
0.026805877685546875
0.006376028060913086
0.012015104293823242
0.01126408576965332