16.72945809364319
3.211276054382324
3.2824559211730957
0.05209612846374512
0.043615102767944336
0.02162909507751465
0.03543877601623535
0.006303071975708008
0.010404109954833984
0.006551265716552734
0.009014129638671875
0.007786989212036133
0.010179996490478516
0.00900721549987793
0.009811878204345703
0.0060651302337646484
0.011376142501831055
0.011409759521484375
0.011733055114746094
0.01096200942993164
0.012158870697021484
0.011198997497558594
0.011861801147460938
0.027874231338500977
0.02713298797607422
0.011180877685546875
0.012419939041137695
0.011593103408813477
0.011451005935668945